%YAML:1.0
---
camera_matrix: !!opencv-matrix
   rows: 3
   cols: 3
   dt: d
   data: [ 9.8464419746482599e+02, 0., 9.9418494726684901e+02, 0.,
       9.9022531031483140e+02, 6.5503042903126311e+02, 0., 0., 1. ]
dist_coeffs: !!opencv-matrix
   rows: 1
   cols: 5
   dt: d
   data: [ -3.9587533143977299e-01, 2.7310501519637853e-01,
       3.3385910214007877e-04, -1.9403859976730364e-03,
       -1.6136282216572040e-01 ]
ground_fac: !!opencv-matrix
   rows: 3
   cols: 1
   dt: f
   data: [ -3.82484823e-01, -7.09365749e+00, 1.12004175e+01 ]
